return {
  ["Teleports"] =  {
    ["Spawn"] = CFrame.new(-106.378914, 138.349915, 14.723094, -0.925554395, -1.69542727e-08, 0.378614604, -5.57438291e-08, 1, -9.14905911e-08, -0.378614604, -1.05784949e-07, -0.925554395), 
            ["Vote Room"] = CFrame.new(-109.104492, 140.699921, 84.661171, -0.99894613, 1.10245741e-08, -0.0458976887, 1.00384483e-08, 1, 2.17158025e-08, 0.0458976887, 2.12321751e-08, -0.99894613), 
            ["Top Of Vote Room"] = CFrame.new(-107.349358, 153.099915, 109.100914, 0.351829618, 1.64384506e-08, 0.936064065, -1.99022558e-08, 1, -1.00807718e-08, -0.936064065, -1.50830708e-08, 0.351829618), 
            ["Secret Room"] = CFrame.new(-149.470215, 153.099915, 115.80365, 0.999940157, 8.18443198e-08, -0.0109414048, -8.18870873e-08, 1, -3.46117357e-09, 0.0109414048, 4.35692593e-09, 0.999940157),     

},

["Name"] = "",


}
