return {
  ["Teleports"] =  {
    ["Spawn"] = CFrame.new(359.88327, 521.773132, 13.7481012, 0.762971699, -6.74431675e-08, 0.646431923, 7.83638185e-08, 1, 1.18400605e-08, -0.646431923, 4.16232417e-08, 0.762971699), 
            ["Vote Room"] = CFrame.new(361.430206, 524.358032, 66.1209259, -0.999961615, 6.60554322e-09, -0.00876241177, 6.48164589e-09, 1, 1.4168072e-08, 0.00876241177, 1.4110733e-08, -0.999961615), 
            ["Top Of Vote Room"] = CFrame.new(361.80188, 536.523071, 85.3232117, 0.979645848, -4.05250269e-08, 0.200733677, 4.53543088e-08, 1, -1.94592857e-08, -0.200733677, 2.81673458e-08, 0.979645848), 
            ["Secret Room"] = CFrame.new(318.550018, 536.523071, 91.1745605, 0.278014719, -5.45595036e-08, 0.960576832, -5.42733787e-08, 1, 7.25067508e-08, -0.960576832, -7.22916909e-08, 0.278014719),     

},

["Name"] = "",


}
